model "guitar_animo"
{
    visible       = false;
    camera "Camera01"
    {
        znear         = 1;
        zfar          = 1000;
        fovx          = 45;
        pos           = { -3.307179, 0.936234, 1.34156 };
        viewdir       = { 0.946374, -0.298221, -0.124263 };
        viewup        = { 0.118518, -0.037347, 0.992249 };
    }
    bone "guitar_mesh"
    {
        scale     = { 0.43002, 0.43002, 0.43002 };
        pos       = { 0, 0, -0.007397 };
    }
    bone "Guitar_Bip"
    {
        rot       = { 0.619874, 0.784701, 0.000000,   -0.784701, 0.619874, 0.000000,   0.000000, 0.000000, 1.000000 };
        pos       = { 0, -0.00002, 0.643281 };
        bone "Guitar_Bip Pelvis"
        {
            rot       = { 0.000001, 1.000000, 0.000000,   0.044860, 0.000000, 0.998993,   0.998993, -0.000001, -0.044860 };
            bone "Guitar_Bip Spine"
            {
                rot       = { 0.998731, -0.007911, -0.049743,   0.008939, 0.999750, 0.020487,   0.049568, -0.020905, 0.998552 };
                pos       = { -0.000148, 0.144184, -0.006467 };
                bone "Guitar_Bip Spine1"
                {
                    rot       = { 0.999673, 0.006743, 0.024648,   -0.004202, 0.994803, -0.101734,   -0.025205, 0.101597, 0.994506 };
                    pos       = { -0.000222, 0.185668, -0.000005 };
                    bone "Guitar_Bip Neck"
                    {
                        rot       = { 0.923228, -0.384252, 0.000000,   0.384253, 0.923228, 0.000001,   0.000000, -0.000001, 1.000000 };
                        pos       = { -0.054939, 0.273865, 0 };
                        bone "Guitar_Bip Head"
                        {
                            rot       = { 0.936412, 0.136903, -0.323094,   -0.159592, 0.986172, -0.044673,   0.312510, 0.093395, 0.945312 };
                            pos       = { 0, 0.033337, 0 };
                            bone "Guitar_Bip HeadNub"
                            {
                                pos       = { 0, 0.416772, 0 };
                            }
                            bone "Guitar_Bip Ponytail1"
                            {
                                rot       = { 0.339496, 0.940607, -0.000002,   -0.940608, 0.339496, -0.000003,   -0.000002, 0.000003, 1.000000 };
                                pos       = { -0.1003, 0.420923, -0.054339 };
                                bone "Guitar_Bip Ponytail11"
                                {
                                    pos       = { -0.000111, 0.148326, 0 };
                                    bone "Guitar_Bip Ponytail12"
                                    {
                                        rot       = { 0.999692, 0.024820, 0.000000,   -0.024820, 0.999692, 0.000000,   0.000000, 0.000000, 1.000000 };
                                        pos       = { -0.000083, 0.139434, 0 };
                                        bone "Guitar_Bip Ponytail13"
                                        {
                                            rot       = { 0.999692, 0.024820, 0.000000,   -0.024820, 0.999692, 0.000000,   0.000000, 0.000000, 1.000000 };
                                            pos       = { -0.000063, 0.103844, 0 };
                                            bone "Guitar_Bip Ponytail1Nub"
                                            {
                                                rot       = { -0.000796, 1.000000, 0.000000,   1.000000, 0.000796, 0.000003,   0.000003, 0.000000, -1.000000 };
                                                pos       = { 0, 0.078579, 0 };
                                            }
                                        }
                                    }
                                }
                            }
                            bone "Guitar_Bip Ponytail2"
                            {
                                rot       = { -0.121324, -0.992613, -0.000006,   0.992613, -0.121323, -0.000001,   0.000001, -0.000007, 1.000000 };
                                pos       = { 0.03686, 0.080321, 0 };
                                bone "Guitar_Bip Ponytail2Nub"
                                {
                                    rot       = { -0.000796, 1.000000, 0.000000,   1.000000, 0.000796, 0.000003,   0.000003, 0.000000, -1.000000 };
                                    pos       = { 0, 0.17976, 0 };
                                }
                                bone "Guitar_Mouth_Down"
                                {
                                    rot       = { -0.963512, -0.267665, 0.000006,   0.000004, 0.000005, 1.000000,   -0.267665, 0.963512, -0.000003 };
                                    pos       = { -0.000983, 0.162678, 0 };
                                }
                            }
                            bone "Guitar_Cheek_Left"
                            {
                                rot       = { -0.112272, 0.993677, 0.000000,   -0.993677, -0.112272, -0.000001,   -0.000001, 0.000000, 1.000000 };
                                pos       = { 0.125495, 0.092151, 0.143867 };
                            }
                            bone "Guitar_Cheek_Right"
                            {
                                scale     = { -1, 1, 1 };
                                rot       = { 0.112271, -0.993678, 0.000001,   -0.993678, -0.112271, -0.000001,   0.000001, 0.000000, -1.000000 };
                                pos       = { 0.125495, 0.092151, -0.143009 };
                            }
                            bone "Guitar_RightEyelidUp"
                            {
                                scale     = { -0.665291, 0.665292, 0.665292 };
                                rot       = { 0.245116, -0.968083, -0.052290,   0.934402, 0.250280, -0.253480,   0.258477, 0.013272, 0.965926 };
                                pos       = { 0.006012, 0.194864, -0.063114 };
                            }
                            bone "Guitar_Mouth_Left"
                            {
                                rot       = { -0.120122, 0.992759, 0.000000,   0.000002, 0.000000, 1.000000,   0.992759, 0.120122, -0.000001 };
                                pos       = { 0.155879, 0.078278, 0.084709 };
                            }
                            bone "Guitar_Mouth_Right"
                            {
                                scale     = { -1, 1, 1 };
                                rot       = { 0.112272, -0.993677, 0.000000,   0.000002, 0.000000, -1.000000,   0.993677, 0.112272, 0.000002 };
                                pos       = { 0.155879, 0.078278, -0.085204 };
                            }
                            bone "Guitar_Mouth_Up"
                            {
                                rot       = { -0.112624, 0.993638, 0.000000,   0.000002, 0.000000, 1.000000,   0.993638, 0.112624, -0.000002 };
                                pos       = { 0.200904, 0.097085, 0 };
                            }
                            bone "Guitar_RightEyelidDown"
                            {
                                scale     = { -0.665291, 0.665292, 0.665292 };
                                rot       = { -0.060337, -0.996389, 0.059735,   0.964974, -0.073532, -0.251830,   0.255313, 0.042448, 0.965926 };
                                pos       = { 0.006012, 0.194864, -0.063114 };
                            }
                            bone "Guitar_LeftEyelidUp"
                            {
                                scale     = { 0.665292, 0.665292, 0.665292 };
                                rot       = { -0.245117, 0.968082, -0.052291,   0.934401, 0.250281, 0.253483,   0.258480, 0.013272, -0.965926 };
                                pos       = { 0.006012, 0.194864, 0.063113 };
                            }
                            bone "Guitar_LeftEyelidDown"
                            {
                                scale     = { 0.665291, 0.665292, 0.665291 };
                                rot       = { 0.060337, 0.996389, 0.059735,   0.964973, -0.073533, 0.251832,   0.255316, 0.042448, -0.965925 };
                                pos       = { 0.006012, 0.194864, 0.063113 };
                            }
                            bone "Guitar_Hair1_Bone"
                            {
                                scale     = { 0.14758, 0.14758, 0.14758 };
                                rot       = { 0.211471, -0.883021, -0.418992,   0.321392, -0.342024, 0.883022,   -0.923032, -0.321394, 0.211467 };
                                pos       = { 0.112233, 0.383706, 0.075174 };
                                bone "Guitar_Hair2_Bone"
                                {
                                    scale     = { 1.377325, 1.377325, 1.377325 };
                                    rot       = { 0.907484, 0.343093, 0.242404,   -0.420081, 0.743842, 0.519837,   -0.001958, -0.573573, 0.819152 };
                                    pos       = { 0, 0.721686, 0 };
                                }
                            }
                            bone "Guitar_EyeRight"
                            {
                                scale     = { -1, 1, 1 };
                                rot       = { -0.014070, -0.999791, 0.014857,   -0.241801, -0.011015, -0.970263,   0.970224, -0.017243, -0.241595 };
                                pos       = { 0.063402, 0.200874, -0.078547 };
                            }
                            bone "Guitar_EyeLeft"
                            {
                                rot       = { 0.013546, 0.999791, 0.015335,   -0.275291, -0.011015, 0.961298,   0.961266, -0.017243, 0.275084 };
                                pos       = { 0.063402, 0.200874, 0.078547 };
                            }
                        }
                        bone "Guitar_Bip L Clavicle"
                        {
                            rot       = { -0.913787, -0.381177, -0.140347,   -0.025978, -0.289969, 0.956683,   -0.405362, 0.877851, 0.255068 };
                            pos       = { 0.043772, -0.071066, 0.079673 };
                            bone "Guitar_Bip L UpperArm"
                            {
                                rot       = { 0.904740, 0.372339, 0.206904,   0.044411, 0.400631, -0.915163,   -0.423643, 0.837173, 0.345931 };
                                pos       = { 0, 0.165193, 0 };
                                bone "Guitar_Bip L Forearm"
                                {
                                    rot       = { 0.839307, 0.543658, 0.000000,   -0.543658, 0.839307, 0.000000,   0.000000, 0.000000, 1.000000 };
                                    pos       = { 0, 0.246081, 0 };
                                    bone "Guitar_Bip L Hand"
                                    {
                                        rot       = { 0.056413, 0.011851, -0.998337,   0.364259, 0.930760, 0.031633,   0.929588, -0.365438, 0.048190 };
                                        pos       = { 0, 0.26193, 0 };
                                        bone "Guitar_Bip L Finger0"
                                        {
                                            rot       = { -0.003315, 0.934466, 0.356038,   0.543847, 0.300467, -0.783549,   -0.839178, 0.191033, -0.509203 };
                                            pos       = { 0.005379, 0.023024, -0.027198 };
                                            bone "Guitar_Bip L Finger01"
                                            {
                                                rot       = { 0.879981, -0.475009, 0.000000,   0.475010, 0.879981, 0.000000,   0.000000, 0.000000, 1.000000 };
                                                pos       = { 0, 0.022316, 0 };
                                                bone "Guitar_Bip L Finger02"
                                                {
                                                    rot       = { 0.952803, -0.303588, 0.000000,   0.303588, 0.952803, 0.000000,   0.000000, 0.000000, 1.000000 };
                                                    pos       = { 0, 0.034084, 0 };
                                                    bone "Guitar_Bip L Finger0Nub"
                                                    {
                                                        pos       = { 0, 0.044125, 0 };
                                                    }
                                                }
                                            }
                                        }
                                        bone "Guitar_Bip L Finger1"
                                        {
                                            rot       = { 0.991154, -0.000177, 0.132716,   0.027610, 0.978394, -0.204896,   -0.129812, 0.206748, 0.969744 };
                                            pos       = { 0.008828, 0.084213, -0.04935 };
                                            bone "Guitar_Bip L Finger11"
                                            {
                                                rot       = { 0.806201, -0.591642, 0.000000,   0.591642, 0.806201, 0.000000,   0.000000, 0.000000, 1.000000 };
                                                pos       = { 0, 0.031738, 0 };
                                                bone "Guitar_Bip L Finger12"
                                                {
                                                    rot       = { 0.729693, -0.683775, 0.000000,   0.683775, 0.729693, 0.000000,   0.000000, 0.000000, 1.000000 };
                                                    pos       = { 0, 0.034852, 0 };
                                                    bone "Guitar_Bip L Finger1Nub"
                                                    {
                                                        pos       = { 0, 0.019901, 0 };
                                                    }
                                                }
                                            }
                                        }
                                        bone "Guitar_Bip L Finger2"
                                        {
                                            rot       = { 0.956615, -0.197340, 0.214345,   0.218643, 0.972482, -0.080465,   -0.192568, 0.123839, 0.973438 };
                                            pos       = { 0.004372, 0.093296, -0.020439 };
                                            bone "Guitar_Bip L Finger21"
                                            {
                                                rot       = { 0.673392, -0.739286, 0.000000,   0.739286, 0.673392, 0.000000,   0.000000, 0.000000, 1.000000 };
                                                pos       = { 0, 0.031242, 0 };
                                                bone "Guitar_Bip L Finger22"
                                                {
                                                    rot       = { 0.449230, -0.893416, 0.000000,   0.893416, 0.449230, 0.000000,   0.000000, 0.000000, 1.000000 };
                                                    pos       = { 0, 0.038174, 0 };
                                                    bone "Guitar_Bip L Finger2Nub"
                                                    {
                                                        pos       = { 0, 0.022014, 0 };
                                                    }
                                                }
                                            }
                                        }
                                        bone "Guitar_Bip L Finger3"
                                        {
                                            rot       = { 0.989290, -0.116487, 0.087954,   0.129665, 0.978051, -0.163105,   -0.067024, 0.172763, 0.982680 };
                                            pos       = { 0.00293, 0.093927, 0.010953 };
                                            bone "Guitar_Bip L Finger31"
                                            {
                                                rot       = { 0.631252, -0.775578, 0.000000,   0.775578, 0.631252, 0.000000,   0.000000, 0.000000, 1.000000 };
                                                pos       = { 0, 0.024658, 0 };
                                                bone "Guitar_Bip L Finger32"
                                                {
                                                    rot       = { 0.489638, -0.871926, 0.000000,   0.871926, 0.489638, 0.000000,   0.000000, 0.000000, 1.000000 };
                                                    pos       = { 0, 0.036058, 0 };
                                                    bone "Guitar_Bip L Finger3Nub"
                                                    {
                                                        pos       = { 0, 0.01926, 0 };
                                                    }
                                                }
                                            }
                                        }
                                        bone "Guitar_Bip L Finger4"
                                        {
                                            rot       = { 0.872018, 0.250617, -0.420447,   -0.133287, 0.948098, 0.288695,   0.470977, -0.195707, 0.860163 };
                                            pos       = { 0.00595, 0.087453, 0.040961 };
                                            bone "Guitar_Bip L Finger41"
                                            {
                                                rot       = { 0.777457, -0.628936, 0.000000,   0.628936, 0.777457, 0.000000,   0.000000, 0.000000, 1.000000 };
                                                pos       = { 0, 0.021515, 0 };
                                                bone "Guitar_Bip L Finger42"
                                                {
                                                    rot       = { 0.592849, -0.805314, 0.000000,   0.805314, 0.592849, 0.000000,   0.000000, 0.000000, 1.000000 };
                                                    pos       = { 0, 0.030236, 0 };
                                                    bone "Guitar_Bip L Finger4Nub"
                                                    {
                                                        pos       = { 0, 0.020199, 0 };
                                                    }
                                                }
                                            }
                                        }
                                    }
                                }
                                bone "Guitar_Bip L ForeTwist"
                                {
                                    rot       = { 0.839182, 0.543577, 0.017264,   -0.543658, 0.839307, 0.000000,   -0.014490, -0.009386, 0.999851 };
                                    pos       = { 0, 0.246081, 0 };
                                    bone "Guitar_Bip L ForeTwist1"
                                    {
                                        rot       = { 0.999851, 0.000000, 0.017264,   0.000000, 1.000000, 0.000000,   -0.017264, 0.000000, 0.999851 };
                                        pos       = { 0, 0.130965, 0 };
                                    }
                                }
                            }
                            bone "Guitar_Bip LUpArmTwist"
                            {
                                rot       = { 0.954986, 0.251929, 0.156630,   0.044411, 0.400631, -0.915163,   -0.293307, 0.880924, 0.371408 };
                                pos       = { 0, 0.165193, 0 };
                                bone "Guitar_Bip LUpArmTwist1"
                                {
                                    rot       = { 0.997553, 0.000000, 0.069912,   0.000000, 1.000000, 0.000000,   -0.069912, 0.000000, 0.997553 };
                                    pos       = { 0, 0.12304, 0 };
                                }
                            }
                        }
                        bone "Guitar_Bip R Clavicle"
                        {
                            rot       = { -0.913788, -0.381177, 0.140342,   -0.025973, -0.289969, -0.956684,   0.405361, -0.877851, 0.255070 };
                            pos       = { 0.043773, -0.071065, -0.079673 };
                            bone "Guitar_Bip R UpperArm"
                            {
                                rot       = { 0.681192, 0.621005, -0.387725,   0.059257, 0.481096, 0.874663,   0.729703, -0.618788, 0.290920 };
                                pos       = { 0, 0.165194, 0 };
                                bone "Guitar_Bip R Forearm"
                                {
                                    rot       = { 0.926109, 0.377255, 0.000000,   -0.377255, 0.926109, 0.000000,   0.000000, 0.000000, 1.000000 };
                                    pos       = { 0, 0.246081, 0 };
                                    bone "Guitar_Bip R Hand"
                                    {
                                        rot       = { -0.581309, 0.166567, 0.796452,   0.196878, 0.978532, -0.060950,   -0.789505, 0.121373, -0.601623 };
                                        pos       = { 0, 0.26193, 0 };
                                        bone "Guitar_Bip R Finger0"
                                        {
                                            rot       = { -0.068885, 0.903627, -0.422744,   0.663166, 0.358048, 0.657276,   0.745295, -0.235074, -0.623919 };
                                            pos       = { 0.005379, 0.023024, 0.027198 };
                                            bone "Guitar_Bip R Finger01"
                                            {
                                                rot       = { 0.879981, -0.475009, 0.000000,   0.475009, 0.879981, 0.000000,   0.000000, 0.000000, 1.000000 };
                                                pos       = { 0, 0.022316, 0 };
                                                bone "Guitar_Bip R Finger02"
                                                {
                                                    rot       = { 0.952803, -0.303588, 0.000000,   0.303588, 0.952803, 0.000000,   0.000000, 0.000000, 1.000000 };
                                                    pos       = { 0, 0.034084, 0 };
                                                    bone "Guitar_Bip R Finger0Nub"
                                                    {
                                                        scale     = { -1, 1, 1 };
                                                        rot       = { -1.000000, 0.000000, 0.000000,   0.000000, 1.000000, 0.000000,   0.000000, 0.000000, -1.000000 };
                                                        pos       = { 0, 0.044125, 0 };
                                                    }
                                                }
                                            }
                                        }
                                        bone "Guitar_Bip R Finger1"
                                        {
                                            rot       = { 0.991154, -0.000177, -0.132716,   0.027610, 0.978394, 0.204896,   0.129812, -0.206748, 0.969744 };
                                            pos       = { 0.008828, 0.084213, 0.04935 };
                                            bone "Guitar_Bip R Finger11"
                                            {
                                                rot       = { 0.806201, -0.591642, 0.000000,   0.591642, 0.806201, 0.000000,   0.000000, 0.000000, 1.000000 };
                                                pos       = { 0, 0.031738, 0 };
                                                bone "Guitar_Bip R Finger12"
                                                {
                                                    rot       = { 0.729693, -0.683775, 0.000000,   0.683775, 0.729693, 0.000000,   0.000000, 0.000000, 1.000000 };
                                                    pos       = { 0, 0.034852, 0 };
                                                    bone "Guitar_Bip R Finger1Nub"
                                                    {
                                                        scale     = { -1, 1, 1 };
                                                        rot       = { -1.000000, 0.000000, 0.000000,   0.000000, 1.000000, 0.000000,   0.000000, 0.000000, -1.000000 };
                                                        pos       = { 0, 0.019901, 0 };
                                                    }
                                                }
                                            }
                                        }
                                        bone "Guitar_Bip R Finger2"
                                        {
                                            rot       = { 0.956615, -0.197340, -0.214345,   0.218643, 0.972482, 0.080465,   0.192568, -0.123839, 0.973438 };
                                            pos       = { 0.004372, 0.093296, 0.020439 };
                                            bone "Guitar_Bip R Finger21"
                                            {
                                                rot       = { 0.673392, -0.739286, 0.000000,   0.739286, 0.673392, 0.000000,   0.000000, 0.000000, 1.000000 };
                                                pos       = { 0, 0.031242, 0 };
                                                bone "Guitar_Bip R Finger22"
                                                {
                                                    rot       = { 0.449230, -0.893416, 0.000000,   0.893416, 0.449230, 0.000000,   0.000000, 0.000000, 1.000000 };
                                                    pos       = { 0, 0.038174, 0 };
                                                    bone "Guitar_Bip R Finger2Nub"
                                                    {
                                                        scale     = { -1, 1, 1 };
                                                        rot       = { -1.000000, 0.000000, 0.000000,   0.000000, 1.000000, 0.000000,   0.000000, 0.000000, -1.000000 };
                                                        pos       = { 0, 0.022014, 0 };
                                                    }
                                                }
                                            }
                                        }
                                        bone "Guitar_Bip R Finger3"
                                        {
                                            rot       = { 0.989290, -0.116487, -0.087954,   0.129665, 0.978051, 0.163105,   0.067024, -0.172763, 0.982680 };
                                            pos       = { 0.00293, 0.093927, -0.010953 };
                                            bone "Guitar_Bip R Finger31"
                                            {
                                                rot       = { 0.631252, -0.775578, 0.000000,   0.775578, 0.631252, 0.000000,   0.000000, 0.000000, 1.000000 };
                                                pos       = { 0, 0.024658, 0 };
                                                bone "Guitar_Bip R Finger32"
                                                {
                                                    rot       = { 0.489638, -0.871926, 0.000000,   0.871926, 0.489638, 0.000000,   0.000000, 0.000000, 1.000000 };
                                                    pos       = { 0, 0.036058, 0 };
                                                    bone "Guitar_Bip R Finger3Nub"
                                                    {
                                                        scale     = { -1, 1, 1 };
                                                        rot       = { -1.000000, 0.000000, 0.000000,   0.000000, 1.000000, 0.000000,   0.000000, 0.000000, -1.000000 };
                                                        pos       = { 0, 0.01926, 0 };
                                                    }
                                                }
                                            }
                                        }
                                        bone "Guitar_Bip R Finger4"
                                        {
                                            rot       = { 0.872018, 0.250617, 0.420447,   -0.133287, 0.948098, -0.288695,   -0.470977, 0.195707, 0.860162 };
                                            pos       = { 0.00595, 0.087453, -0.040961 };
                                            bone "Guitar_Bip R Finger41"
                                            {
                                                rot       = { 0.777457, -0.628936, 0.000000,   0.628936, 0.777457, 0.000000,   0.000000, 0.000000, 1.000000 };
                                                pos       = { 0, 0.021515, 0 };
                                                bone "Guitar_Bip R Finger42"
                                                {
                                                    rot       = { 0.592849, -0.805314, 0.000000,   0.805314, 0.592849, 0.000000,   0.000000, 0.000000, 1.000000 };
                                                    pos       = { 0, 0.030236, 0 };
                                                    bone "Guitar_Bip R Finger4Nub"
                                                    {
                                                        scale     = { -1, 1, 1 };
                                                        rot       = { -1.000000, 0.000000, 0.000000,   0.000000, 1.000000, 0.000000,   0.000000, 0.000000, -1.000000 };
                                                        pos       = { 0, 0.020199, 0 };
                                                    }
                                                }
                                            }
                                        }
                                    }
                                }
                                bone "Guitar_Bip R ForeTwist"
                                {
                                    rot       = { 0.904380, 0.368404, 0.215351,   -0.377255, 0.926109, 0.000000,   -0.199438, -0.081242, 0.976537 };
                                    pos       = { 0, 0.246081, 0 };
                                    bone "Guitar_Bip R ForeTwist1"
                                    {
                                        rot       = { 0.976537, 0.000000, 0.215351,   0.000000, 1.000000, 0.000000,   -0.215351, 0.000000, 0.976537 };
                                        pos       = { 0, 0.130965, 0 };
                                    }
                                }
                            }
                            bone "Guitar_Bip RUpArmTwist"
                            {
                                rot       = { 0.961205, 0.208960, -0.180056,   0.059257, 0.481096, 0.874663,   0.269394, -0.851400, 0.450050 };
                                pos       = { 0, 0.165194, 0 };
                                bone "Guitar_Bip RUpArmTwist1"
                                {
                                    rot       = { 0.962897, 0.000000, -0.269868,   0.000000, 1.000000, 0.000000,   0.269868, 0.000000, 0.962897 };
                                    pos       = { 0, 0.12304, 0 };
                                }
                            }
                        }
                    }
                    bone "Guitar_Wing_Right"
                    {
                        scale     = { 0.753255, 0.753254, 0.753255 };
                        rot       = { 0.487949, 0.000388, -0.872872,   -0.843335, 0.258148, -0.471323,   0.225148, 0.966105, 0.126291 };
                        pos       = { -0.153102, 0.124228, -0.018565 };
                    }
                    bone "Guitar_Wing_Left"
                    {
                        scale     = { -0.753254, 0.753255, 0.753254 };
                        rot       = { -0.487946, -0.000389, -0.872874,   -0.843337, 0.258148, 0.471320,   0.225147, 0.966105, -0.126290 };
                        pos       = { -0.153103, 0.124228, 0.018565 };
                    }
                    bone "Guitar_VorotR"
                    {
                        scale     = { -1, 1, 1 };
                        rot       = { 1.000000, 0.000796, 0.000001,   0.000001, 0.000000, -1.000000,   -0.000796, 1.000000, 0.000000 };
                        pos       = { 0.04152, 0.248508, -0.206401 };
                    }
                    bone "Guitar_VorotL"
                    {
                        rot       = { -1.000000, -0.000798, 0.000002,   0.000002, -0.000001, 1.000000,   -0.000798, 1.000000, 0.000001 };
                        pos       = { 0.04152, 0.248508, 0.206401 };
                    }
                }
                bone "Guitar_Bip L Thigh"
                {
                    scale     = { 1, 0.999999, 1 };
                    rot       = { 0.926070, 0.287296, 0.244654,   0.234783, -0.946248, 0.222469,   0.295417, -0.148582, -0.943744 };
                    pos       = { -0.003699, -0.142093, 0.103136 };
                    bone "Guitar_Bip L Calf"
                    {
                        rot       = { 0.890341, 0.455295, 0.000000,   -0.455295, 0.890341, 0.000000,   0.000000, 0.000000, 1.000000 };
                        pos       = { 0, 0.29215, 0 };
                        bone "Guitar_Bip L Foot"
                        {
                            rot       = { 0.974579, -0.208142, 0.082901,   0.200891, 0.975658, 0.087948,   -0.099189, -0.069058, 0.992669 };
                            pos       = { 0, 0.225613, 0 };
                            bone "Guitar_Bip L Toe0"
                            {
                                rot       = { 0.000000, -1.000000, 0.000000,   1.000000, 0.000000, 0.000000,   0.000000, 0.000000, 1.000000 };
                                pos       = { 0.135454, 0.131146, 0 };
                                bone "Guitar_Bip L Toe01"
                                {
                                    rot       = { 0.993411, -0.114602, 0.000000,   0.114602, 0.993411, 0.000000,   0.000000, 0.000000, 1.000000 };
                                    pos       = { 0, 0.102831, 0 };
                                    bone "Guitar_Bip L Toe0Nub"
                                    {
                                        scale     = { -1, 1, 1 };
                                        rot       = { -1.000000, 0.000000, 0.000000,   0.000000, 1.000000, 0.000000,   0.000000, 0.000000, -1.000000 };
                                        pos       = { 0, 0.084654, 0 };
                                    }
                                }
                            }
                        }
                    }
                    bone "Guitar_Bip LCalfTwist"
                    {
                        rot       = { 0.889850, 0.455044, 0.033191,   -0.455295, 0.890341, 0.000000,   -0.029551, -0.015112, 0.999449 };
                        pos       = { 0, 0.29215, 0 };
                        bone "Guitar_Bip LCalfTwist1"
                        {
                            rot       = { 0.999449, 0.000000, 0.033191,   0.000000, 1.000000, 0.000000,   -0.033191, 0.000000, 0.999449 };
                            pos       = { 0, 0.112806, 0 };
                        }
                    }
                }
                bone "Guitar_Bip R Thigh"
                {
                    rot       = { 0.965043, -0.183545, -0.187089,   -0.150595, -0.972560, 0.177339,   -0.214505, -0.142965, -0.966203 };
                    pos       = { 0.005632, -0.145936, -0.084177 };
                    bone "Guitar_Bip R Calf"
                    {
                        rot       = { 0.999882, 0.015340, 0.000000,   -0.015340, 0.999882, 0.000000,   0.000000, 0.000000, 1.000000 };
                        pos       = { 0, 0.29215, 0 };
                        bone "Guitar_Bip R Foot"
                        {
                            rot       = { 0.908479, -0.206635, 0.363274,   0.191362, 0.978417, 0.077977,   -0.371547, -0.001324, 0.928413 };
                            pos       = { 0, 0.225613, 0 };
                            bone "Guitar_Bip R Toe0"
                            {
                                rot       = { 0.000000, -1.000000, 0.000000,   1.000000, 0.000000, 0.000000,   0.000000, 0.000000, 1.000000 };
                                pos       = { 0.135454, 0.131146, 0 };
                                bone "Guitar_Bip R Toe01"
                                {
                                    rot       = { 0.993411, -0.114602, 0.000000,   0.114602, 0.993411, 0.000000,   0.000000, 0.000000, 1.000000 };
                                    pos       = { 0, 0.102831, 0 };
                                    bone "Guitar_Bip R Toe0Nub"
                                    {
                                        pos       = { 0, 0.084654, 0 };
                                    }
                                }
                            }
                        }
                    }
                    bone "Guitar_Bip RCalfTwist"
                    {
                        rot       = { 0.991843, 0.015216, 0.126551,   -0.015340, 0.999882, 0.000000,   -0.126536, -0.001941, 0.991960 };
                        pos       = { 0, 0.29215, 0 };
                        bone "Guitar_Bip RCalfTwist1"
                        {
                            rot       = { 0.991960, 0.000000, 0.126551,   0.000000, 1.000000, 0.000000,   -0.126551, 0.000000, 0.991960 };
                            pos       = { 0, 0.112806, 0 };
                        }
                    }
                }
            }
            bone "Guitar_CoatL"
            {
                rot       = { -0.003636, 0.999993, 0.000002,   0.000006, -0.000002, 1.000000,   0.999993, 0.003636, -0.000006 };
                pos       = { 0.127703, -0.104568, 0.085789 };
            }
            bone "Guitar_CoatR"
            {
                scale     = { -1, 1, 1 };
                rot       = { 0.000000, -1.000000, 0.000000,   0.000001, 0.000000, -1.000000,   1.000000, 0.000000, 0.000001 };
                pos       = { 0.127702, -0.104568, -0.08579 };
            }
            bone "Guitar_CoatRight"
            {
                scale     = { -1, 1, 1 };
                rot       = { 0.000000, -1.000000, -0.000001,   -1.000000, 0.000000, 0.000005,   -0.000005, 0.000001, -1.000000 };
                pos       = { -0.037712, -0.119942, -0.217512 };
            }
            bone "Guitar_CoatLeft"
            {
                rot       = { 0.000000, 1.000000, 0.000003,   -1.000000, 0.000000, 0.000005,   0.000005, -0.000003, 1.000000 };
                pos       = { -0.037711, -0.119943, 0.217512 };
            }
            bone "Guitar_CoatRear"
            {
                rot       = { -0.001427, 0.999999, -0.000002,   0.000006, -0.000002, -1.000000,   -0.999999, -0.001427, -0.000006 };
                pos       = { -0.197897, -0.074992, 0 };
            }
        }
        bone "Guitar_Bip Footsteps"
        {
            rot       = { 0.619874, -0.784701, 0.000000,   0.784701, 0.619874, 0.000000,   0.000000, 0.000000, 1.000000 };
            pos       = { 0, 0, -0.643206 };
        }
    }
    bone "Camera01"
    {
        rot       = { 0.118518, -0.037347, 0.992249,   0.300550, 0.953766, 0.000000,   -0.946374, 0.298221, 0.124264 };
        pos       = { -3.307179, 0.936234, 1.34156 };
    }
    bone "Camera01.Target"
    {
        pos       = { 0.73902, -0.338802, 0.810273 };
    }
    material "material00"
    {
        shader            = "base_model";
