model "macheha1"
{
    visible       = false;
    bone "ma4exa"
    {
        rot       = { -1.000000, -0.000000, 0.000000,   0.000000, -1.000000, 0.000000,   0.000000, 0.000000, 1.000000 };
        pos       = { 0, 0, 0.003047 };
    }
    bone "ma4exa_bip"
    {
        rot       = { 0.017454, 0.999848, 0.000000,   -0.999848, 0.017454, 0.000000,   0.000000, 0.000000, 1.000000 };
        pos       = { 0.041606, -0.006504, 0.71424 };
        bone "ma4exa_bip Footsteps"
        {
            rot       = { 0.017454, -0.999848, 0.000000,   0.999848, 0.017454, 0.000000,   0.000000, 0.000000, 1.000000 };
            pos       = { -0, 0, -0.70668 };
        }
        bone "ma4exa_bip Pelvis"
        {
            rot       = { 0.000001, 1.000000, 0.000000,   -0.000001, 0.000000, 1.000000,   1.000000, -0.000001, 0.000001 };
            pos       = { -0, 0, 0 };
            bone "ma4exa_bip Spine"
            {
                rot       = { 0.996127, 0.016727, -0.086318,   -0.015377, 0.999749, 0.016285,   0.086569, -0.014894, 0.996135 };
                pos       = { -0.000124, 0.069319, 0.000011 };
                bone "ma4exa_bip L Thigh"
                {
                    rot       = { 0.992689, 0.086568, 0.084109,   0.084401, -0.996010, 0.028989,   0.086283, -0.021678, -0.996035 };
                    pos       = { -0.006238, -0.068322, 0.061078 };
                    bone "ma4exa_bip L Calf"
                    {
                        rot       = { 0.980146, 0.198275, -0.000000,   -0.198275, 0.980146, -0.000000,   -0.000000, 0.000000, 1.000000 };
                        pos       = { -0, 0.322734, -0 };
                        bone "ma4exa_bip L Foot"
                        {
                            rot       = { 0.969838, -0.094008, -0.224891,   0.097700, 0.995202, 0.005319,   0.223312, -0.027131, 0.974369 };
                            pos       = { 0, 0.322145, 0 };
                            bone "ma4exa_bip L Toe0"
                            {
                                rot       = { -0.173308, -0.984868, 0.000001,   0.984868, -0.173308, -0.000002,   0.000002, 0.000001, 1.000000 };
                                pos       = { 0.115419, 0.063807, -0 };
                                bone "ma4exa_bip L Toe0Nub"
                                {
                                    scale     = { -1, 1, 1 };
                                    rot       = { -1.000000, -0.000000, 0.000000,   0.000000, 1.000000, 0.000000,   0.000000, -0.000000, -1.000000 };
                                    pos       = { -0, 0.034985, -0 };
                                }
                            }
                        }
                    }
                }
                bone "ma4exa_bip R Thigh"
                {
                    rot       = { 0.992847, 0.085630, 0.083196,   0.082679, -0.995840, 0.038297,   0.086129, -0.031144, -0.995797 };
                    pos       = { 0.004168, -0.070285, -0.059014 };
                    bone "ma4exa_bip R Calf"
                    {
                        rot       = { 0.980515, 0.196444, -0.000000,   -0.196444, 0.980515, -0.000000,   0.000000, 0.000000, 1.000000 };
                        pos       = { 0, 0.322734, -0 };
                        bone "ma4exa_bip R Foot"
                        {
                            rot       = { 0.969492, -0.097275, 0.224995,   0.096408, 0.995231, 0.014866,   -0.225368, 0.007279, 0.974246 };
                            pos       = { -0, 0.322145, 0 };
                            bone "ma4exa_bip R Toe0"
                            {
                                rot       = { -0.173648, -0.984808, 0.000000,   0.984808, -0.173648, 0.000000,   0.000000, 0.000000, 1.000000 };
                                pos       = { 0.115419, 0.063807, 0 };
                                bone "ma4exa_bip R Toe0Nub"
                                {
                                    rot       = { 1.000000, -0.000000, -0.000000,   0.000000, 1.000000, 0.000000,   -0.000000, -0.000000, 1.000000 };
                                    pos       = { -0, 0.034985, -0 };
                                }
                            }
                        }
                    }
                }
                bone "ma4exa_bip Spine1"
                {
                    rot       = { 0.900110, -0.434068, 0.037258,   0.433668, 0.900880, 0.018634,   -0.041654, -0.000615, 0.999132 };
                    pos       = { -0.000175, 0.15681, -0.000007 };
                    bone "ma4exa_bip Neck"
                    {
                        rot       = { 0.874620, -0.484810, -0.000000,   0.484810, 0.874620, 0.000001,   -0.000000, -0.000001, 1.000000 };
                        pos       = { 0.021368, 0.245049, 0 };
                        bone "ma4exa_bip Head"
                        {
                            rot       = { 0.958999, 0.251940, -0.129797,   -0.265190, 0.959266, -0.097381,   0.099975, 0.127809, 0.986747 };
                            pos       = { 0, 0.045209, -0 };
                            bone "ma4exa_bip HeadNub"
                            {
                                rot       = { 1.000000, -0.000000, 0.000000,   0.000000, 1.000000, 0.000000,   0.000000, -0.000000, 1.000000 };
                                pos       = { 0, 0.2028, 0 };
                            }
                            bone "ma4exa_bip Ponytail1"
                            {
                                rot       = { -0.865700, -0.499760, -0.028360,   0.496934, -0.864852, 0.071329,   -0.060175, 0.047656, 0.997050 };
                                pos       = { 0.038825, 0.028376, -0.084311 };
                                bone "ma4exa_bip Ponytail11"
                                {
                                    rot       = { 0.978132, 0.207945, 0.003988,   -0.207726, 0.977695, -0.031033,   -0.010352, 0.029525, 0.999510 };
                                    pos       = { -0.000102, 0.108854, -0 };
                                    bone "ma4exa_bip Ponytail12"
                                    {
                                        rot       = { 0.999331, 0.003686, 0.036388,   -0.005978, 0.997990, 0.063089,   -0.036082, -0.063265, 0.997344 };
                                        pos       = { -0.000102, 0.130548, -0.000004 };
                                        bone "ma4exa_bip Ponytail1Nub"
                                        {
                                            rot       = { -0.000796, 1.000000, -0.000000,   1.000000, 0.000796, 0.000003,   0.000003, 0.000000, -1.000000 };
                                            pos       = { 0, 0.127564, 0 };
                                        }
                                    }
                                }
                            }
                            bone "ma4exa_bip Ponytail2"
                            {
                                rot       = { -0.848878, -0.528583, -0.002490,   0.526115, -0.845352, 0.092643,   -0.051074, 0.077332, 0.995696 };
                                pos       = { 0.039136, 0.028162, 0.088011 };
                                bone "ma4exa_bip Ponytail21"
                                {
                                    rot       = { 0.994514, 0.104567, -0.002897,   -0.104533, 0.992384, -0.065163,   -0.003938, 0.065108, 0.997870 };
                                    pos       = { -0.000103, 0.108865, 0 };
                                    bone "ma4exa_bip Ponytail22"
                                    {
                                        rot       = { 0.999126, 0.021134, 0.036057,   -0.023354, 0.997784, 0.062297,   -0.034660, -0.063084, 0.997406 };
                                        pos       = { -0.000101, 0.130547, -0.000004 };
                                        bone "ma4exa_bip Ponytail2Nub"
                                        {
                                            rot       = { -0.000796, 1.000000, -0.000000,   1.000000, 0.000796, 0.000003,   0.000003, 0.000000, -1.000000 };
                                            pos       = { 0, 0.127564, -0 };
                                        }
                                    }
                                }
                            }
                            bone "ma4exaEyeRight"
                            {
                                scale     = { -1, 1, 1 };
                                rot       = { 0.510931, -0.859532, -0.012434,   -0.356312, -0.198595, -0.913018,   0.782298, 0.470919, -0.407730 };
                                pos       = { 0.050513, 0.07766, -0.021049 };
                            }
                            bone "ma4exaEyeLidRight"
                            {
                                scale     = { -1, 1, 1 };
                                rot       = { 0.690150, -0.723533, 0.013885,   0.645794, 0.607113, -0.462994,   0.326562, 0.328502, 0.886253 };
                                pos       = { 0.048708, 0.080453, -0.027451 };
                            }
                            bone "ma4exaEyeLidLeft"
                            {
                                rot       = { 0.690150, -0.723533, -0.013882,   0.645793, 0.607114, 0.462995,   -0.326564, -0.328501, 0.886252 };
                                pos       = { 0.048708, 0.080453, 0.027451 };
                            }
                            bone "ma4exaEyeLeft"
                            {
                                rot       = { 0.514752, -0.856798, -0.030442,   0.278675, 0.200793, -0.939160,   0.810784, 0.474951, 0.342127 };
                                pos       = { 0.050513, 0.07766, 0.021049 };
                            }
                            bone "Box01"
                            {
                                rot       = { -0.090795, 0.995870, 0.000000,   -0.000002, -0.000000, 1.000000,   0.995870, 0.090795, 0.000002 };
                                pos       = { 0.07272, 0.005983, 0 };
                            }
                        }
                        bone "ma4exa_bip L Clavicle"
                        {
                            rot       = { -0.873035, -0.484841, -0.052338,   0.005243, -0.116653, 0.993159,   -0.487629, 0.866788, 0.104384 };
                            pos       = { -0.014178, -0.017258, 0.041138 };
                            bone "ma4exa_bip L UpperArm"
                            {
                                rot       = { 0.798922, -0.280207, -0.532173,   -0.234823, 0.669282, -0.704925,   0.553699, 0.688147, 0.468905 };
                                pos       = { -0, 0.092205, -0 };
                                bone "ma4exa_bip L Forearm"
                                {
                                    rot       = { 0.043174, 0.999068, 0.000000,   -0.999068, 0.043174, -0.000000,   0.000000, 0.000000, 1.000000 };
                                    pos       = { -0, 0.229142, 0 };
                                    bone "ma4exa_bip L Hand"
                                    {
                                        rot       = { -0.694723, -0.130244, -0.707387,   -0.093138, 0.991479, -0.091081,   0.713221, 0.002608, -0.700934 };
                                        pos       = { 0, 0.246046, 0 };
                                        bone "ma4exa_bip L Finger0"
                                        {
                                            rot       = { -0.315017, 0.663151, 0.678966,   0.901547, 0.432661, -0.004297,   -0.296611, 0.610766, -0.734157 };
                                            pos       = { 0.00888, 0.010769, -0.020859 };
                                            bone "ma4exa_bip L Finger01"
                                            {
                                                rot       = { 0.950478, -0.310793, 0.000000,   0.310793, 0.950478, -0.000000,   -0.000000, 0.000000, 1.000000 };
                                                pos       = { 0, 0.029565, -0 };
                                                bone "ma4exa_bip L Finger02"
                                                {
                                                    rot       = { 0.933580, -0.358368, -0.000000,   0.358368, 0.933580, 0.000000,   -0.000000, 0.000000, 1.000000 };
                                                    pos       = { -0, 0.028119, 0 };
                                                    bone "ma4exa_bip L Finger0Nub"
                                                    {
                                                        rot       = { 1.000000, -0.000000, -0.000000,   -0.000000, 1.000000, -0.000000,   0.000000, 0.000000, 1.000000 };
                                                        pos       = { 0, 0.021005, 0 };
                                                    }
                                                }
                                            }
                                        }
                                        bone "ma4exa_bip L Finger1"
                                        {
                                            rot       = { 0.680754, -0.732206, 0.021178,   0.716751, 0.659863, -0.225497,   0.151135, 0.168687, 0.974014 };
                                            pos       = { 0.003657, 0.068359, -0.02017 };
                                            bone "ma4exa_bip L Finger11"
                                            {
                                                rot       = { 0.656059, -0.754710, -0.000000,   0.754710, 0.656059, -0.000000,   -0.000000, -0.000000, 1.000000 };
                                                pos       = { -0, 0.032078, -0 };
                                                bone "ma4exa_bip L Finger12"
                                                {
                                                    rot       = { 0.798635, -0.601815, -0.000000,   0.601815, 0.798635, -0.000000,   0.000000, -0.000000, 1.000000 };
                                                    pos       = { 0, 0.021441, 0 };
                                                    bone "ma4exa_bip L Finger1Nub"
                                                    {
                                                        rot       = { 1.000000, 0.000000, -0.000000,   0.000000, 1.000000, 0.000000,   0.000000, -0.000000, 1.000000 };
                                                        pos       = { -0, 0.019593, -0 };
                                                    }
                                                }
                                            }
                                        }
                                        bone "ma4exa_bip L Finger2"
                                        {
                                            rot       = { 0.615661, -0.788011, -0.000490,   0.778184, 0.608082, -0.157054,   0.124059, 0.096311, 0.987590 };
                                            pos       = { 0.000481, 0.068482, -0.005151 };
                                            bone "ma4exa_bip L Finger21"
                                            {
                                                rot       = { 0.422618, -0.906308, 0.000000,   0.906308, 0.422618, 0.000000,   -0.000000, -0.000000, 1.000000 };
                                                pos       = { -0, 0.040329, -0 };
                                                bone "ma4exa_bip L Finger22"
                                                {
                                                    rot       = { 0.694658, -0.719340, -0.000000,   0.719340, 0.694658, -0.000000,   0.000000, -0.000000, 1.000000 };
                                                    pos       = { 0, 0.026372, -0 };
                                                    bone "ma4exa_bip L Finger2Nub"
                                                    {
                                                        rot       = { 1.000000, -0.000000, 0.000000,   0.000000, 1.000000, 0.000000,   -0.000000, 0.000000, 1.000000 };
                                                        pos       = { -0, 0.016814, -0 };
                                                    }
                                                }
                                            }
                                        }
                                        bone "ma4exa_bip L Finger3"
                                        {
                                            rot       = { 0.546928, -0.828276, -0.121772,   0.823634, 0.558416, -0.098989,   0.149990, -0.046156, 0.987610 };
                                            pos       = { 0.001169, 0.067923, 0.01177 };
                                            bone "ma4exa_bip L Finger31"
                                            {
                                                rot       = { 0.573576, -0.819152, -0.000000,   0.819152, 0.573576, 0.000000,   0.000000, 0.000000, 1.000000 };
                                                pos       = { -0, 0.036039, -0 };
                                                bone "ma4exa_bip L Finger32"
                                                {
                                                    rot       = { 0.927184, -0.374607, 0.000000,   0.374607, 0.927184, -0.000000,   0.000000, -0.000000, 1.000000 };
                                                    pos       = { -0, 0.022605, -0 };
                                                    bone "ma4exa_bip L Finger3Nub"
                                                    {
                                                        rot       = { 1.000000, -0.000000, -0.000000,   0.000000, 1.000000, 0.000000,   -0.000000, 0.000000, 1.000000 };
                                                        pos       = { 0, 0.016091, -0 };
                                                    }
                                                }
                                            }
                                        }
                                        bone "ma4exa_bip L Finger4"
                                        {
                                            rot       = { 0.704141, -0.704902, -0.085433,   0.690469, 0.707807, -0.149203,   0.165644, 0.046071, 0.985109 };
                                            pos       = { 0.007165, 0.063459, 0.027132 };
                                            bone "ma4exa_bip L Finger41"
                                            {
                                                rot       = { 0.642788, -0.766044, 0.000000,   0.766044, 0.642788, 0.000000,   0.000000, 0.000000, 1.000000 };
                                                pos       = { 0, 0.025469, 0 };
                                                bone "ma4exa_bip L Finger42"
                                                {
                                                    rot       = { 0.788011, -0.615662, 0.000000,   0.615662, 0.788011, -0.000000,   0.000000, -0.000000, 1.000000 };
                                                    pos       = { 0, 0.022129, 0 };
                                                    bone "ma4exa_bip L Finger4Nub"
                                                    {
                                                        rot       = { 1.000000, 0.000000, -0.000000,   0.000000, 1.000000, -0.000000,   0.000000, -0.000000, 1.000000 };
                                                        pos       = { -0, 0.014269, -0 };
                                                    }
                                                }
                                            }
                                        }
                                        bone "ma4exaPalka"
                                        {
                                            rot       = { -0.309131, -0.939223, -0.149327,   0.945290, -0.320667, 0.059999,   -0.104236, -0.122610, 0.986966 };
                                            pos       = { 0.029635, 0.061454, -0.009728 };
                                        }
                                    }
                                }
                                bone "ma4exaPlashchLR01"
                                {
                                    rot       = { -0.650868, -0.230636, -0.723311,   -0.732184, 0.442549, 0.517741,   0.200691, 0.866578, -0.456909 };
                                    pos       = { 0.124015, 0.16841, -0.003989 };
                                    bone "ma4exaPlashchLR02"
                                    {
                                        rot       = { 0.991059, 0.000253, -0.133423,   0.000563, 0.999981, 0.006075,   0.133422, -0.006095, 0.991041 };
                                        pos       = { -0, -0, 0.29221 };
                                    }
                                }
                                bone "ma4exaPlashchLF1"
                                {
                                    rot       = { -0.938515, -0.189780, -0.288397,   -0.344864, 0.476517, 0.808703,   -0.016049, 0.858438, -0.512667 };
                                    pos       = { -0.047584, 0.223058, -0.151308 };
                                    bone "ma4exaPlashchLF02"
                                    {
                                        rot       = { 0.974211, 0.222830, 0.035480,   -0.222126, 0.974753, -0.022734,   -0.039650, 0.014267, 0.999112 };
                                        pos       = { -0, -0, 0.29221 };
                                    }
                                }
                            }
                            bone "ma4exa_bip LUpArmTwist"
                            {
                                rot       = { 0.936941, -0.037268, -0.347495,   -0.234823, 0.669282, -0.704925,   0.258844, 0.742073, 0.618326 };
                                pos       = { -0, 0.092205, -0 };
                                bone "ma4exa_bip LUpArmTwist1"
                                {
                                    rot       = { 0.985878, -0.000000, -0.167462,   0.000000, 1.000000, 0.000000,   0.167462, -0.000000, 0.985878 };
                                    pos       = { 0, 0.114571, -0 };
                                }
                            }
                        }
                        bone "ma4exa_bip R Clavicle"
                        {
                            rot       = { -0.873035, -0.484841, 0.052334,   0.005249, -0.116653, -0.993159,   0.487629, -0.866788, 0.104387 };
                            pos       = { -0.014178, -0.017258, -0.041138 };
                            bone "ma4exa_bip R UpperArm"
                            {
                                rot       = { 0.702950, 0.562581, 0.435159,   -0.699303, 0.435071, 0.567177,   0.129758, -0.703005, 0.699248 };
                                pos       = { 0, 0.092205, -0 };
                                bone "ma4exa_bip R Forearm"
                                {
                                    rot       = { 0.405081, 0.914281, 0.000000,   -0.914281, 0.405081, -0.000000,   -0.000000, 0.000000, 1.000000 };
                                    pos       = { -0, 0.229142, -0 };
                                    bone "ma4exa_bip R Hand"
                                    {
                                        rot       = { -0.563387, -0.207868, 0.799616,   -0.141898, 0.977796, 0.154210,   -0.813917, -0.026585, -0.580373 };
                                        pos       = { -0, 0.246046, 0 };
                                        bone "ma4exa_bip R Finger0"
                                        {
                                            rot       = { -0.334425, 0.486469, -0.807160,   0.684766, 0.713879, 0.146535,   0.647499, -0.503711, -0.571857 };
                                            pos       = { 0.00888, 0.010769, 0.020859 };
                                            bone "ma4exa_bip R Finger01"
                                            {
                                                rot       = { 0.905517, -0.424311, 0.000000,   0.424311, 0.905517, -0.000000,   0.000000, -0.000000, 1.000000 };
                                                pos       = { -0, 0.029565, -0 };
                                                bone "ma4exa_bip R Finger02"
                                                {
                                                    rot       = { 0.927184, -0.374607, 0.000000,   0.374607, 0.927184, 0.000000,   -0.000000, 0.000000, 1.000000 };
                                                    pos       = { 0, 0.028119, 0 };
                                                    bone "ma4exa_bip R Finger0Nub"
                                                    {
                                                        scale     = { -1, 1, 1 };
                                                        rot       = { -1.000000, 0.000000, 0.000000,   0.000000, 1.000000, 0.000000,   -0.000000, 0.000000, -1.000000 };
                                                        pos       = { 0, 0.021005, 0 };
                                                    }
                                                }
                                            }
                                        }
                                        bone "ma4exa_bip R Finger1"
                                        {
                                            rot       = { 0.573610, -0.818030, -0.042414,   0.819128, 0.572790, 0.030671,   -0.000795, -0.052336, 0.998629 };
                                            pos       = { 0.003657, 0.068359, 0.02017 };
                                            bone "ma4exa_bip R Finger11"
                                            {
                                                rot       = { -0.358368, -0.933580, 0.000000,   0.933580, -0.358368, 0.000000,   0.000000, -0.000000, 1.000000 };
                                                pos       = { 0, 0.032078, -0 };
                                                bone "ma4exa_bip R Finger12"
                                                {
                                                    rot       = { 0.766044, -0.642788, -0.000000,   0.642788, 0.766044, 0.000000,   0.000000, 0.000000, 1.000000 };
                                                    pos       = { 0, 0.021441, -0 };
                                                    bone "ma4exa_bip R Finger1Nub"
                                                    {
                                                        scale     = { -1, 1, 1 };
                                                        rot       = { -1.000000, 0.000000, -0.000000,   0.000000, 1.000000, -0.000000,   0.000000, 0.000000, -1.000000 };
                                                        pos       = { -0, 0.019593, 0 };
                                                    }
                                                }
                                            }
                                        }
                                        bone "ma4exa_bip R Finger2"
                                        {
                                            rot       = { 0.406736, -0.913546, 0.000324,   0.913545, 0.406736, 0.000727,   -0.000796, -0.000000, 1.000000 };
                                            pos       = { 0.000481, 0.068482, 0.005151 };
                                            bone "ma4exa_bip R Finger21"
                                            {
                                                rot       = { -0.309017, -0.951056, 0.000000,   0.951056, -0.309017, 0.000000,   0.000000, -0.000000, 1.000000 };
                                                pos       = { 0, 0.040329, -0 };
                                                bone "ma4exa_bip R Finger22"
                                                {
                                                    rot       = { 0.615661, -0.788011, -0.000000,   0.788011, 0.615661, -0.000000,   -0.000000, -0.000000, 1.000000 };
                                                    pos       = { 0, 0.026372, 0 };
                                                    bone "ma4exa_bip R Finger2Nub"
                                                    {
                                                        scale     = { -1, 1, 1 };
                                                        rot       = { -1.000000, 0.000000, -0.000000,   0.000000, 1.000000, -0.000000,   0.000000, -0.000000, -1.000000 };
                                                        pos       = { -0, 0.016814, -0 };
                                                    }
                                                }
                                            }
                                        }
                                        bone "ma4exa_bip R Finger3"
                                        {
                                            rot       = { 0.275689, -0.960711, 0.032102,   0.961238, 0.275392, -0.013429,   0.004061, 0.034560, 0.999394 };
                                            pos       = { 0.001169, 0.067923, -0.01177 };
                                            bone "ma4exa_bip R Finger31"
                                            {
                                                rot       = { -0.017452, -0.999848, 0.000000,   0.999848, -0.017452, 0.000000,   0.000000, 0.000000, 1.000000 };
                                                pos       = { -0, 0.036039, -0 };
                                                bone "ma4exa_bip R Finger32"
                                                {
                                                    rot       = { 0.515038, -0.857167, -0.000000,   0.857167, 0.515038, -0.000000,   0.000000, 0.000000, 1.000000 };
                                                    pos       = { -0, 0.022605, 0 };
                                                    bone "ma4exa_bip R Finger3Nub"
                                                    {
                                                        scale     = { -1, 1, 1 };
                                                        rot       = { -1.000000, -0.000000, -0.000000,   -0.000000, 1.000000, -0.000000,   -0.000000, 0.000000, -1.000000 };
                                                        pos       = { 0, 0.016091, 0 };
                                                    }
                                                }
                                            }
                                        }
                                        bone "ma4exa_bip R Finger4"
                                        {
                                            rot       = { 0.537809, -0.828345, 0.156863,   0.838670, 0.544639, 0.000668,   -0.085987, 0.131197, 0.987620 };
                                            pos       = { 0.007165, 0.063459, -0.027132 };
                                            bone "ma4exa_bip R Finger41"
                                            {
                                                rot       = { 0.292372, -0.956305, 0.000000,   0.956305, 0.292372, 0.000000,   0.000000, 0.000000, 1.000000 };
                                                pos       = { 0, 0.025469, -0 };
                                                bone "ma4exa_bip R Finger42"
                                                {
                                                    rot       = { 0.573576, -0.819152, -0.000000,   0.819152, 0.573576, -0.000000,   0.000000, -0.000000, 1.000000 };
                                                    pos       = { -0, 0.022129, -0 };
                                                    bone "ma4exa_bip R Finger4Nub"
                                                    {
                                                        scale     = { -1, 1, 1 };
                                                        rot       = { -1.000000, 0.000000, 0.000000,   -0.000000, 1.000000, 0.000000,   -0.000000, -0.000000, -1.000000 };
                                                        pos       = { 0, 0.014269, -0 };
                                                    }
                                                }
                                            }
                                        }
                                        bone "zerkalo"
                                        {
                                            scale     = { 0.049764, 0.049764, 0.049764 };
                                            rot       = { -0.046563, 0.168069, 0.984675,   0.777226, 0.625318, -0.069979,   -0.627496, 0.762056, -0.159745 };
                                            pos       = { 0.023791, 0.05978, -0.000988 };
                                        }
                                        bone "jabloko"
                                        {
                                            scale     = { 0.030551, 0.030551, 0.030551 };
                                            rot       = { 0.922906, -0.365857, 0.119975,   0.165721, 0.096195, -0.981470,   0.347537, 0.925686, 0.149409 };
                                            pos       = { 0.060615, 0.057819, 0.000903 };
                                        }
                                    }
                                }
                                bone "ma4exaPlashchRF01"
                                {
                                    scale     = { -1, 1, 1 };
                                    rot       = { 0.902575, -0.236557, 0.359722,   0.404965, 0.182822, -0.895868,   0.146159, 0.954263, 0.260807 };
                                    pos       = { -0.104626, 0.184773, 0.132406 };
                                    bone "ma4exaPlashchRF02"
                                    {
                                        rot       = { 0.977673, -0.008389, -0.209966,   0.055674, 0.973835, 0.220332,   0.202623, -0.227102, 0.952559 };
                                        pos       = { -0, -0, 0.29221 };
                                    }
                                }
                                bone "ma4exaPlashchRR01"
                                {
                                    scale     = { -1, 1, 1 };
                                    rot       = { 0.857519, 0.122693, -0.499607,   -0.484317, 0.520028, -0.703568,   0.173487, 0.845291, 0.505357 };
                                    pos       = { 0.175015, 0.169974, 0.124383 };
                                    bone "ma4exaPlashchRR02"
                                    {
                                        rot       = { 0.999183, 0.027731, 0.029406,   -0.028255, 0.999447, 0.017558,   -0.028902, -0.018375, 0.999413 };
                                        pos       = { -0, -0, 0.29221 };
                                    }
                                }
                            }
                            bone "ma4exa_bip RUpArmTwist"
                            {
                                rot       = { 0.711634, 0.498623, 0.494927,   -0.699303, 0.435071, 0.567177,   0.067479, -0.749726, 0.658299 };
                                pos       = { 0, 0.092205, -0 };
                                bone "ma4exa_bip RUpArmTwist1"
                                {
                                    rot       = { 0.999032, -0.000000, -0.043984,   0.000000, 1.000000, -0.000000,   0.043984, -0.000000, 0.999032 };
                                    pos       = { 0, 0.114571, 0 };
                                }
                            }
                        }
                    }
                }
                bone "ma4exaPlashchC1"
                {
                    rot       = { 0.980669, -0.169665, 0.097477,   -0.085305, 0.077625, 0.993326,   -0.176099, -0.982440, 0.061651 };
                    pos       = { -0.137287, 0.063782, -0 };
                    bone "ma4exaPlashchC2"
                    {
                        rot       = { 0.994052, -0.022071, -0.106646,   0.022693, 0.999732, 0.004629,   0.106515, -0.007022, 0.994286 };
                        pos       = { 0, 0, 0.36964 };
                    }
                }
            }
        }
    }
    material "material00"
    {
        shader            = "base_model";
        diffusemap        = "ma4exa_text.tga";
        diffusecolor      = 0xffcccccc;
        specularcolor     = 0xff333333;
    }
    material "material01"
    {
        shader            = "base_model";
        diffusecolor      = 0xff666666;
        specularcolor     = 0xff333333;
    }
    material "material02"
    {
        shader            = "base_model";
        diffusemap        = "trost1.tga";
        diffusecolor      = 0xff969696;
        specularcolor     = 0xffe5e5e5;
    }
    material "material03"
    {
        shader            = "base_model";
        diffusemap        = "mirror_tex.tga";
        diffusecolor      = 0xffcccccc;
        specularcolor     = 0xff333333;
    }
    material "material04"
    {
        shader            = "base_model";
        diffusemap        = "jabloko1.tga";
        diffusecolor      = 0xff969696;
        specularcolor     = 0xffe5e5e5;
    }
    mesh "ma4exa_mesh"
    {
        material          = "material00";
        firstvbyte        = 0;
        numvertices       = 2839;
        firstindex        = 0;
        numindices        = 13950;
        vertextype        = XYZNUVW4;
        hostbone          = "ma4exa";
        bonelist          = { "Box01", "ma4exa_bip Head", "ma4exa_bip Spine1", "ma4exa_bip L Calf", "ma4exa_bip R Calf", "ma4exaPlashchC2", "ma4exa_bip R Clavicle", "ma4exa_bip Spine", "ma4exa_bip Pelvis", "ma4exaPlashchC1", "ma4exaEyeLeft", "ma4exaEyeRight", "ma4exa_bip R UpperArm", "ma4exa_bip L Toe0", "ma4exa_bip R Toe0", "ma4exa_bip L Foot", "ma4exa_bip R Foot", "ma4exa_bip L Forearm", "ma4exa_bip R Forearm", "ma4exa_bip Ponytail2", "ma4exa_bip Ponytail1", "ma4exa_bip Ponytail11", "ma4exa_bip Ponytail21", "ma4exa_bip Ponytail12", "ma4exa_bip Ponytail22", "ma4exa_bip L Hand", "ma4exa_bip R Hand", "ma4exa_bip L Finger42", "ma4exa_bip R Finger42", "ma4exa_bip L Finger4", "ma4exa_bip R Finger4", "ma4exa_bip L Finger02", "ma4exa_bip R Finger02", "ma4exa_bip L Finger01", "ma4exa_bip R Finger01", "ma4exa_bip L Finger0", "ma4exa_bip R Finger0", "ma4exa_bip L Finger32", "ma4exa_bip R Finger32", "ma4exa_bip L Finger12", "ma4exa_bip R Finger12", "ma4exa_bip L Finger3", "ma4exa_bip R Finger3", "ma4exa_bip L Finger1", "ma4exa_bip R Finger1", "ma4exa_bip L Finger22", "ma4exa_bip R Finger22", "ma4exa_bip L Finger2", "ma4exa_bip R Finger2", "ma4exaEyeLidRight", "ma4exaEyeLidLeft", "ma4exa_bip L Thigh", "ma4exa_bip R Thigh", "ma4exa_bip L Clavicle", "ma4exa_bip L UpperArm", "ma4exa_bip Neck", "ma4exaPlashchRR02", "ma4exaPlashchLR02", "ma4exaPlashchLR01", "ma4exaPlashchRR01", "ma4exa_bip LUpArmTwist1", "ma4exa_bip LUpArmTwist", "ma4exa_bip RUpArmTwist1", "ma4exa_bip RUpArmTwist", "ma4exaPlashchRF01", "ma4exaPlashchLF1", "ma4exaPlashchLF02", "ma4exaPlashchRF02", "ma4exa_bip L Finger41", "ma4exa_bip R Finger41", "ma4exa_bip L Finger31", "ma4exa_bip R Finger31", "ma4exa_bip L Finger11", "ma4exa_bip R Finger11", "ma4exa_bip L Finger21", "ma4exa_bip R Finger21" };
    }
    mesh "ma4exa_mesh"
    {
        material          = "material01";
        firstvbyte        = 113560;
        numvertices       = 30;
        firstindex        = 13950;
        numindices        = 66;
        vertextype        = XYZNUVW4;
        hostbone          = "ma4exa";
        bonelist          = { "ma4exa_bip Head", "Box01" };
    }
    mesh "ma4exa_mesh"
    {
        material          = "material02";
        firstvbyte        = 114760;
        numvertices       = 108;
        firstindex        = 14016;
        numindices        = 528;
